0 0.210156 0.936719 0.085938 0.076563
0 0.468750 0.903906 0.071875 0.079687
0 0.914844 0.920312 0.089063 0.159375
0 0.384375 0.750000 0.106250 0.115625
0 0.215625 0.700000 0.140625 0.071875
0 0.626563 0.647656 0.134375 0.079687
0 0.822656 0.606250 0.064062 0.084375
0 0.611719 0.534375 0.067187 0.046875
0 0.583594 0.454688 0.079687 0.037500
0 0.437500 0.439063 0.087500 0.062500
0 0.688281 0.412500 0.076563 0.034375
0 0.689063 0.370312 0.031250 0.031250
0 0.619531 0.319531 0.060937 0.020313
0 0.557813 0.319531 0.034375 0.026562
0 0.486719 0.304688 0.026562 0.015625
0 0.760938 0.294531 0.046875 0.026562
0 0.662500 0.260156 0.031250 0.026562
0 0.571094 0.256250 0.070312 0.018750