0 0.469531 0.822656 0.345313 0.339062
0 0.089063 0.705469 0.178125 0.207813
0 0.846094 0.783594 0.295312 0.367188
0 0.499219 0.496875 0.073438 0.056250
0 0.146094 0.489844 0.076563 0.060937
0 0.604688 0.490625 0.068750 0.071875
0 0.032031 0.467187 0.064062 0.059375
0 0.267188 0.432031 0.062500 0.057813
0 0.525000 0.389062 0.071875 0.056250
0 0.384375 0.396094 0.065625 0.073438
0 0.963281 0.414844 0.064062 0.170313
0 0.807813 0.387500 0.150000 0.115625
0 0.693750 0.278125 0.234375 0.140625
0 0.557813 0.191406 0.128125 0.070312
0 0.920312 0.192969 0.140625 0.120313