0 0.513281 0.885938 0.148438 0.162500
0 0.978906 0.723437 0.042188 0.053125
0 0.755469 0.733594 0.129688 0.104688
0 0.518750 0.552344 0.062500 0.035937
0 0.828906 0.528906 0.182812 0.057813
0 0.345313 0.525000 0.087500 0.062500
0 0.516406 0.476562 0.092188 0.046875
0 0.825781 0.421875 0.098437 0.031250
0 0.461719 0.371094 0.045312 0.020313
0 0.412500 0.323437 0.053125 0.018750
0 0.700000 0.314063 0.112500 0.050000
0 0.425000 0.292969 0.075000 0.023438
0 0.329688 0.261719 0.053125 0.020313
0 0.289844 0.214844 0.067187 0.017188
0 0.542969 0.212500 0.067187 0.015625
0 0.431250 0.172656 0.215625 0.032813