0 0.655469 0.852344 0.123438 0.104688
0 0.425781 0.723437 0.210938 0.090625
0 0.076563 0.660156 0.153125 0.076563
0 0.578906 0.645312 0.110937 0.053125
0 0.430469 0.615625 0.092188 0.040625
0 0.134375 0.582031 0.093750 0.039062
0 0.546094 0.571094 0.082812 0.032813
0 0.180469 0.542188 0.101562 0.037500
0 0.727344 0.519531 0.092188 0.032813
0 0.418750 0.509375 0.084375 0.025000
0 0.622656 0.484375 0.151562 0.040625
0 0.246875 0.472656 0.068750 0.017188
0 0.521875 0.439844 0.065625 0.014063
0 0.310156 0.440625 0.060937 0.018750
0 0.267188 0.407031 0.109375 0.014063
0 0.513281 0.392188 0.048438 0.009375
0 0.355469 0.379688 0.054688 0.012500
0 0.392969 0.357031 0.101562 0.023438