0 0.517969 0.850000 0.085938 0.125000
0 0.478906 0.682813 0.129688 0.125000
0 0.347656 0.553906 0.079687 0.067187
0 0.582031 0.517188 0.060937 0.046875
0 0.478906 0.496875 0.064062 0.043750
0 0.368750 0.450000 0.062500 0.046875
0 0.720313 0.395313 0.062500 0.056250
0 0.235156 0.396875 0.089063 0.059375
0 0.589844 0.388281 0.060937 0.048438
0 0.347656 0.332813 0.045312 0.034375
0 0.146875 0.309375 0.059375 0.040625
0 0.350781 0.292187 0.057813 0.037500
0 0.214062 0.277344 0.053125 0.039062
0 0.749219 0.253125 0.051562 0.031250
0 0.271875 0.227344 0.050000 0.020313
0 0.503906 0.203906 0.089063 0.032813