0 0.875781 0.921094 0.182812 0.157812
0 0.607812 0.767969 0.093750 0.117188
0 0.317969 0.830469 0.148438 0.320312
0 0.799219 0.700781 0.076563 0.067187
0 0.105469 0.698438 0.142187 0.109375
0 0.489063 0.620313 0.075000 0.043750
0 0.710156 0.554688 0.070312 0.050000
0 0.382031 0.567187 0.114062 0.084375
0 0.552344 0.520312 0.098437 0.100000
0 0.603125 0.447656 0.065625 0.039062
0 0.494531 0.413281 0.089063 0.039062
0 0.382812 0.424219 0.118750 0.060937
0 0.521094 0.351562 0.060937 0.050000
0 0.124219 0.385156 0.248438 0.145313