0 0.425000 0.985938 0.115625 0.028125
0 0.739062 0.982031 0.096875 0.035937
0 0.362500 0.878125 0.121875 0.134375
0 0.496094 0.713281 0.135937 0.082812
0 0.270313 0.621094 0.184375 0.067187
0 0.422656 0.585156 0.048438 0.032813
0 0.967187 0.534375 0.065625 0.050000
0 0.755469 0.514844 0.073438 0.023438
0 0.180469 0.514062 0.048438 0.028125
0 0.087500 0.483594 0.062500 0.029687
0 0.794531 0.454688 0.051562 0.025000
0 0.247656 0.450000 0.057813 0.015625
0 0.364063 0.451562 0.125000 0.037500
0 0.700781 0.424219 0.057813 0.020313
0 0.238281 0.408594 0.032813 0.014063
0 0.296094 0.400781 0.035937 0.014063
0 0.667188 0.393750 0.040625 0.012500
0 0.756250 0.360156 0.065625 0.017188