0 0.549219 0.888281 0.148438 0.170313
0 0.054688 0.827344 0.040625 0.054688
0 0.277344 0.786719 0.123438 0.114062
0 0.166406 0.604688 0.179688 0.081250
0 0.478125 0.556250 0.062500 0.040625
0 0.146094 0.496094 0.095312 0.048438
0 0.644531 0.491406 0.089063 0.060937
0 0.466406 0.481250 0.092188 0.053125
0 0.499219 0.364844 0.045312 0.023438
0 0.251563 0.362500 0.103125 0.071875
0 0.539062 0.305469 0.053125 0.020313
0 0.521094 0.280469 0.076563 0.029687
0 0.609375 0.226562 0.053125 0.025000
0 0.385937 0.224219 0.068750 0.026562
0 0.640625 0.173437 0.068750 0.021875
0 0.490625 0.162500 0.212500 0.068750
0 0.654687 0.105469 0.046875 0.014063
0 0.661719 0.075000 0.048438 0.012500