0 0.463281 0.867969 0.189062 0.164062
0 0.928125 0.653125 0.100000 0.075000
0 0.380469 0.524219 0.157812 0.092188
0 0.271875 0.440625 0.137500 0.062500
0 0.542969 0.384375 0.089063 0.034375
0 0.367969 0.371875 0.132812 0.046875
0 0.241406 0.368750 0.098437 0.040625
0 0.528125 0.342187 0.078125 0.040625
0 0.342187 0.330469 0.046875 0.023438
0 0.622656 0.320312 0.045312 0.021875
0 0.438281 0.313281 0.054688 0.026562
0 0.299219 0.317188 0.079687 0.034375
0 0.564844 0.291406 0.073438 0.032813
0 0.332031 0.278906 0.076563 0.029687
0 0.266406 0.254688 0.051562 0.021875
0 0.342969 0.241406 0.042188 0.020313
0 0.498437 0.245312 0.053125 0.031250
0 0.444531 0.221875 0.054688 0.028125